4294967278,60
4294967278,59
4294967278,58
4294967278,57
4294967278,51
4294967278,45
4294967278,44
4294967278,39
4294967279,75
4294967279,61
4294967279,60
4294967279,59
4294967279,58
4294967279,52
4294967279,46
4294967279,35
4294967279,7
4294967293,131
4294967293,130
4294967293,129
4294967293,128
4294967293,127
4294967293,126
4294967293,125
4294967293,124
4294967293,123
4294967293,122
4294967293,121
4294967293,120
4294967293,119
4294967293,118
4294967293,117
4294967293,116
4294967293,115
4294967293,114
4294967293,113
4294967293,112
4294967293,111
4294967293,110
4294967293,109
4294967293,108
4294967293,107
4294967293,106
4294967293,105
4294967293,104
4294967293,103
4294967293,102
4294967293,101
4294967293,100
4294967293,99
4294967293,98
4294967293,97
4294967293,96
4294967293,95
4294967293,94
4294967293,93
4294967293,92
4294967293,91
4294967293,90
4294967293,89
4294967293,87
4294967293,86
4294967293,85
4294967293,84
4294967293,83
4294967293,82
4294967293,81
4294967293,80
4294967293,79
4294967293,78
4294967293,77
4294967293,76
4294967293,75
4294967293,74
4294967293,73
4294967293,72
4294967293,71
4294967293,70
4294967293,69
4294967293,68
4294967293,67
4294967293,66
4294967293,65
4294967293,64
4294967293,63
4294967293,62
4294967293,61
4294967293,60
4294967293,59
4294967293,58
4294967293,57
4294967293,56
4294967293,55
4294967293,54
4294967293,53
4294967293,52
4294967293,51
4294967293,50
4294967293,49
4294967293,48
4294967293,47
4294967293,46
4294967293,45
4294967293,44
4294967293,43
4294967293,42
4294967293,41
4294967293,40
4294967293,39
4294967293,38
4294967293,37
4294967293,36
4294967293,35
4294967293,34
4294967293,33
4294967293,32
4294967293,31
4294967293,30
4294967293,29
4294967293,28
4294967293,27
4294967293,26
4294967293,25
4294967293,24
4294967293,23
4294967293,22
4294967293,21
4294967293,20
4294967293,19
4294967293,18
4294967293,17
4294967293,16
4294967293,15
4294967293,14
4294967293,13
4294967293,12
4294967293,11
4294967293,10
4294967293,9
4294967293,8
4294967293,7
4294967293,6
4294967293,5
4294967293,4
4294967293,3
4294967278,353
4294967278,132
4294967278,256
4294967278,129
4294967278,384
4294967278,127
4294967278,367
4294967278,123
4294967278,349
4294967278,122
4294967278,409
4294967278,243
4294967278,117
4294967278,227
4294967278,108
4294967278,408
4294967278,174
4294967278,107
4294967278,407
4294967278,96
4294967278,95
4294967278,94
4294967278,93
4294967278,344
4294967278,92
4294967278,374
4294967278,91
4294967278,90
4294967278,87
4294967278,307
4294967278,86
4294967278,306
4294967278,85
4294967278,84
4294967278,83
4294967278,82
4294967278,399
4294967278,366
4294967278,75
4294967278,398
4294967278,336
4294967278,65
4294967278,64
4294967278,56
4294967278,55
4294967278,53
4294967278,52
4294967278,402
4294967278,49
4294967278,48
4294967278,46
4294967278,405
4294967278,43
4294967278,42
4294967278,41
4294967278,40
4294967278,38
4294967278,37
4294967278,36
4294967278,401
4294967278,35
4294967278,34
4294967278,33
4294967278,32
4294967278,31
4294967278,30
4294967278,29
4294967278,404
4294967278,28
4294967278,27
4294967278,26
4294967278,25
4294967278,24
4294967278,23
4294967278,22
4294967278,260
4294967278,21
4294967278,20
4294967278,19
4294967278,18
4294967278,397
4294967278,0
4294967278,346
4294967279,174
4294967279,408
4294967279,312
4294967279,84
4294967279,311
4294967279,466
4294967279,442
4294967279,76
4294967279,308
4294967279,71
4294967279,464
4294967279,56
4294967279,469
4294967279,55
4294967279,53
4294967279,50
4294967279,49
4294967279,48
4294967279,45
4294967279,462
4294967279,260
4294967279,40
4294967279,292
4294967279,34
4294967279,29
4294967279,278
4294967279,468
4294967279,422
4294967279,19
4294967279,461
4294967279,288
4294967279,14
4294967279,0
4294967279,410
4294967279,281
4294967279,4
4294967294,481
4294967294,91
4294967294,87
4294967294,85
4294967294,83
4294967294,24
4294967294,394
4294967278,343
4294967279,465
4294967279,429
4294967294,2179
4294967294,752
4294967294,1459
4294967294,1078
4294967294,8
4294967294,413
4294967294,106
4294967294,999
4294967294,997
4294967294,995
4294967294,993
4294967294,992
4294967294,987
4294967294,986
4294967294,985
4294967294,982
4294967294,981
4294967294,980
4294967294,979
4294967294,976
4294967294,975
4294967294,971
4294967294,967
4294967294,966
4294967294,965
4294967294,963
4294967294,961
4294967294,960
4294967294,186
4294967294,959
4294967294,958
4294967294,957
4294967294,956
4294967294,731
4294967294,953
4294967294,950
4294967294,949
4294967294,0
4294967294,948
4294967294,947
4294967294,945
4294967294,942
4294967294,941
4294967294,940
4294967294,939
4294967294,936
4294967294,935
4294967294,409
4294967294,933
4294967294,928
4294967294,2178
4294967294,926
4294967294,924
4294967294,921
4294967294,920
4294967294,919
4294967294,917
4294967294,916
4294967294,915
4294967294,728
4294967294,908
4294967294,907
4294967294,906
4294967294,903
4294967294,901
4294967294,900
4294967294,899
4294967294,896
4294967294,895
4294967294,894
4294967294,2176
4294967294,892
4294967294,890
4294967294,889
4294967294,887
4294967294,886
4294967294,885
4294967294,884
4294967294,882
4294967294,881
4294967294,877
4294967294,876
4294967294,874
4294967294,871
4294967294,870
4294967294,869
4294967294,868
4294967294,867
4294967294,866
4294967294,865
4294967294,425
4294967294,864
4294967294,863
4294967294,861
4294967294,859
4294967294,858
4294967294,1420
4294967294,856
4294967294,854
4294967294,853
4294967294,852
4294967294,850
4294967294,849
4294967294,848
4294967294,847
4294967294,725
4294967294,749
4294967294,837
4294967294,836
4294967294,835
4294967294,721
4294967294,834
4294967294,828
4294967294,827
4294967294,825
4294967294,822
4294967294,821
4294967294,820
4294967294,818
4294967294,816
4294967294,815
4294967294,814
4294967294,813
4294967294,812
4294967294,811
4294967294,810
4294967294,809
4294967294,807
4294967294,804
4294967294,801
4294967294,800
4294967294,799
4294967294,798
4294967294,797
4294967294,796
4294967294,789
4294967294,788
4294967294,787
4294967294,467
4294967294,786
4294967294,785
4294967294,783
4294967294,2177
4294967294,782
4294967294,780
4294967294,779
4294967294,778
4294967294,776
4294967294,775
4294967294,774
4294967294,773
4294967294,711
4294967294,771
4294967294,770
4294967294,769
4294967294,768
4294967294,703
4294967294,701
4294967294,700
4294967294,697
4294967294,696
4294967294,713
4294967294,693
4294967294,1245
4294967294,688
4294967294,686
4294967294,684
4294967294,683
4294967294,678
4294967294,677
4294967294,673
4294967294,669
4294967294,667
4294967294,666
4294967294,662
4294967294,660
4294967294,658
4294967294,656
4294967294,727
4294967294,653
4294967294,651
4294967294,46
4294967294,649
4294967294,646
4294967294,644
4294967294,642
4294967294,28
4294967294,27
4294967294,26
4294967294,640
4294967294,634
4294967294,633
4294967294,25
4294967294,1072
4294967294,631
4294967294,628
4294967294,627
4294967294,626
4294967294,705
4294967294,622
4294967294,630
4294967294,2
4294967294,618
4294967294,629
4294967294,615
4294967294,613
4294967294,1
4294967294,612
4294967294,719
1,3
1,0
4294967294,611
4294967294,710
4294967294,712
4294967294,610
4294967294,732
4294967294,609
4294967294,608
4294967294,607
4294967294,730
4294967294,606
4294967294,726
4294967294,717
4294967294,709
4294967294,729
4294967294,704
4294967294,605
4294967294,718
4294967294,878
4294967294,706
4294967294,70
4294967294,724
4294967294,72
4294967294,875
4294967294,715
4294967294,71
4294967294,739
4294967294,1216
4294967294,1409
4294967294,1424
4294967294,444
4294967294,598
4294967294,420
4294967294,509
4294967294,578
4294967294,508
4294967294,507
4294967294,1427
4294967294,506
4294967294,135
4294967294,1422
4294967294,584
4294967294,128
4294967294,155
4294967294,153
4294967294,1536
4294967294,1540
4294967294,1465
4294967294,1537
4294967294,586
4294967294,1449
4294967294,455
4294967294,1468
4294967294,579
4294967294,1453
4294967294,1463
4294967294,1455
4294967294,1442
4294967294,1452
4294967294,603
4294967294,423
4294967294,750
4294967294,1431
4294967294,1242
4294967294,602
4294967294,1430
4294967294,593
4294967294,542
4294967294,541
4294967294,540
4294967294,539
4294967294,538
4294967294,536
4294967294,537
4294967294,535
4294967294,534
4294967294,533
4294967294,532
4294967294,531
4294967294,530
4294967294,529
4294967294,528
4294967294,527
4294967294,526
4294967294,525
4294967294,524
4294967294,523
4294967294,522
4294967294,521
4294967294,519
4294967294,520
4294967294,518
4294967294,517
4294967294,516
4294967294,515
4294967294,514
4294967294,513
4294967294,512
4294967294,383
4294967294,382
4294967294,381
4294967294,393
4294967294,740
4294967294,390
4294967294,1165
4294967294,1164
4294967294,1162
4294967294,1161
4294967294,737
4294967294,31
4294967294,1745
4294967294,738
4294967294,1751
4294967294,753
4294967294,1736
4294967294,1752
4294967294,1772
4294967294,1756
4294967294,1755
4294967294,1761
4294967294,1758
4294967294,1762
4294967294,754
4294967294,1740
4294967294,767
4294967294,765
4294967294,1738
4294967294,759
4294967294,187
4294967294,755
4294967294,1743
4294967294,471
4294967294,1599
4294967279,197
4294967278,293
4294967278,331
4294967278,288
4294967278,275
4294967278,356
4294967279,157
4294967278,359
4294967278,390
4294967279,256
4294967278,391
4294967279,441
4294967278,358
4294967278,378
4294967278,273
4294967278,225
4294967294,472
4294967278,394
4294967278,389
4294967278,305
4294967278,388
4294967278,373
4294967278,381
4294967279,389
4294967279,443
4294967278,345
4294967278,342
4294967278,393
4294967279,459
4294967279,458
4294967279,457
4294967279,302
4294967279,405
4294967278,334
4294967278,364
4294967279,301
4294967278,295
4294967279,300
4294967278,362
4294967278,294
4294967279,297
4294967279,402
4294967279,396
4294967278,308
4294967278,292
